[[ 1 2 4 6 10 14 19 23 25 29 33 41 46 53 55 59 64 72 76 78]]
[[ 1 2 4 6 10 15 19 23 25 29 33 41 47 53 55 60 64 72 76 78]]
[[ 1 3 5 7 10 16 20 22 28 32 36 41 44 51 53 58 62 68 75 78]]
[[ 1 3 5 7 10 16 20 22 28 32 37 41 44 52 53 58 61 68 75 78]]
[[ 1 3 5 7 10 16 20 23 28 32 36 40 45 50 53 58 61 67 75 78]]
[[ 1 3 5 7 10 16 20 23 28 32 36 41 44 50 53 59 62 68 75 78]]
[[ 1 3 5 7 10 16 20 23 28 32 36 41 44 51 53 58 61 67 75 78]]
[[ 1 3 5 7 10 16 20 23 28 32 36 41 45 51 52 58 60 67 75 78]]
[[ 1 3 5 7 10 16 20 23 28 32 36 41 45 51 52 58 61 68 75 78]]
[[ 1 3 5 7 10 16 20 23 28 32 36 41 45 51 52 59 62 68 75 78]]
[[ 1 3 5 7 10 16 20 23 28 32 36 41 45 51 53 58 61 68 75 78]]
[[ 1 3 5 7 10 16 20 23 28 32 36 41 45 51 53 58 62 67 75 78]]
[[ 1 3 5 7 10 16 20 23 28 32 37 41 44 51 53 58 61 68 75 78]]
[[ 1 3 5 7 10 16 20 23 28 32 37 41 44 51 53 59 61 68 75 78]]
[[ 1 3 5 7 10 16 20 23 28 32 37 41 45 51 53 58 61 68 75 78]]
[[ 1 3 5 7 11 16 20 22 27 32 37 41 45 52 52 58 61 68 75 78]]
[[ 1 3 5 7 11 16 20 22 28 32 37 41 45 51 53 58 61 68 75 78]]
[[ 1 3 5 7 11 16 20 23 27 32 37 41 45 50 52 59 62 68 75 78]]
[[ 1 3 5 7 11 16 20 23 28 32 36 40 45 51 53 58 61 68 75 78]]
[[ 1 3 5 7 11 16 20 23 28 32 36 41 44 51 54 58 61 68 75 78]]
[[ 1 3 5 7 11 16 20 23 28 32 36 41 45 51 53 58 61 68 75 78]]
[[ 1 3 5 7 11 16 20 23 28 32 37 41 44 50 52 59 62 68 75 78]]
[[ 1 3 5 7 11 16 20 23 28 32 37 41 44 50 54 59 62 68 75 78]]
[[ 1 3 5 7 11 16 20 23 28 32 37 41 45 51 54 58 61 68 75 78]]
[[ 1 3 5 7 11 16 20 23 28 32 37 41 45 52 53 58 61 67 75 78]]
[[ 1 3 5 7 12 18 22 24 29 32 34 40 44 49 51 57 60 66 75 78]]
[[ 1 3 5 8 10 16 19 23 28 32 37 41 44 51 53 59 62 68 75 78]]
[[ 1 3 5 8 10 16 20 22 27 32 37 41 45 50 53 59 61 68 75 78]]
[[ 1 3 5 8 10 16 20 22 28 32 36 41 45 51 53 58 62 68 75 78]]
[[ 1 3 5 8 10 16 20 23 28 32 37 41 44 52 53 58 61 68 75 78]]
[[ 1 3 5 8 11 16 20 22 27 32 36 41 45 51 53 57 61 68 75 78]]
[[ 1 3 5 8 11 16 20 23 27 32 37 41 45 51 52 58 61 67 75 78]]
[[ 1 3 5 8 11 16 20 23 28 32 36 41 45 50 53 58 61 68 75 78]]
[[ 1 3 5 8 11 16 20 23 28 32 36 41 45 51 54 58 61 68 75 78]]
[[ 1 3 5 8 11 16 20 23 28 32 37 41 45 50 53 59 61 67 75 78]]
[[ 1 3 5 8 11 16 21 25 29 33 37 41 46 49 53 58 61 67 73 76]]
[[ 1 3 5 8 12 16 19 22 26 30 35 42 48 56 59 63 68 72 76 78]]
[[ 1 3 5 8 13 17 21 25 29 32 36 42 49 52 56 61 63 66 73 76]]
[[ 1 3 6 8 11 16 21 25 29 33 37 40 46 50 53 58 61 67 74 76]]
[[ 1 3 6 8 11 16 21 25 29 33 37 41 46 49 52 57 61 67 73 76]]
[[ 1 3 6 8 11 16 21 25 29 33 37 41 46 50 52 57 61 66 74 77]]
[[ 1 3 6 8 12 16 21 25 29 33 37 41 45 49 53 58 61 67 73 77]]
[[ 1 3 6 8 12 16 21 25 29 33 37 41 46 49 53 58 61 67 74 76]]
[[ 1 3 6 8 12 16 21 25 30 33 37 41 46 50 53 57 61 67 73 76]]
[[ 1 3 6 8 12 17 21 25 29 33 37 41 46 50 53 57 60 68 73 76]]
[[ 1 3 6 8 13 18 23 26 29 33 35 40 45 47 51 56 59 65 74 76]]
[[ 1 3 6 9 12 16 21 24 28 34 38 42 45 52 54 57 63 67 73 76]]
[[ 1 3 6 9 13 18 23 26 28 31 34 40 45 50 54 58 62 68 74 76]]
[[ 1 3 6 9 14 17 23 27 30 34 36 41 46 51 55 59 64 67 74 76]]
[[ 1 4 6 8 11 16 20 23 28 33 36 41 45 49 50 55 57 64 73 76]]
[[ 1 4 6 8 11 16 21 24 28 33 37 41 46 48 51 55 58 65 73 75]]
[[ 1 4 6 9 12 16 20 22 27 31 36 41 45 51 54 57 60 68 73 75]]
[[ 1 4 6 10 12 16 20 23 26 31 36 41 45 52 54 57 61 68 73 76]]
[[ 1 4 6 10 12 16 20 24 27 31 36 40 46 53 56 60 63 70 74 76]]
[[ 1 4 6 11 14 16 20 24 28 33 38 41 46 56 59 63 69 72 74 76]]
[[ 1 4 7 9 15 19 24 26 30 33 36 41 46 51 54 59 62 64 73 75]]
[[ 1 4 7 10 11 16 20 22 27 31 36 42 45 51 54 57 61 68 73 75]]
[[ 1 4 7 10 13 16 20 23 27 33 37 42 45 55 57 60 65 70 73 75]]
[[ 1 4 7 10 13 16 21 25 27 32 36 41 47 50 54 57 60 67 72 73]]
[[ 1 4 7 10 13 17 22 24 30 34 39 42 47 54 57 62 64 66 73 75]]
[[ 1 4 7 10 13 17 22 25 30 34 38 42 47 54 56 61 64 66 73 76]]
[[ 1 4 7 10 13 18 23 26 31 34 37 39 43 49 52 56 60 66 73 76]]
[[ 1 4 7 10 13 18 23 26 31 34 37 39 43 49 53 56 60 65 73 76]]
[[ 1 4 7 10 13 18 23 26 31 35 37 40 43 49 52 56 60 66 73 76]]
[[ 1 4 7 10 13 18 23 27 30 34 37 40 43 49 52 56 60 66 73 76]]
[[ 1 4 7 10 13 18 23 27 31 34 36 39 43 48 52 56 60 65 73 76]]
[[ 1 4 7 10 14 17 22 24 30 34 39 42 47 54 56 61 64 66 73 75]]
[[ 1 4 7 10 14 18 23 26 29 32 34 40 46 48 52 55 59 65 72 74]]
[[ 1 4 7 11 13 16 20 24 28 32 38 41 47 56 59 63 68 72 74 76]]
[[ 1 4 8 10 13 18 23 26 31 34 36 39 43 49 51 56 60 65 73 76]]
[[ 1 5 7 10 13 17 21 23 29 34 38 43 46 52 55 58 60 64 72 75]]
[[ 1 5 8 12 15 18 22 24 28 33 38 42 47 54 57 60 63 67 71 73]]
[[ 1 5 9 12 14 18 23 26 29 33 36 40 44 49 52 56 59 66 71 73]]
[[ 1 5 9 12 15 19 24 27 31 36 38 41 45 50 53 57 60 62 71 73]]
[[ 1 5 9 12 16 19 24 27 31 36 38 41 45 50 53 57 60 62 71 73]]
[[ 2 5 8 12 15 17 22 24 28 33 38 42 47 54 57 61 63 67 71 73]]
[[ 2 5 8 12 16 19 24 26 29 32 35 42 47 53 55 60 61 65 71 73]]
[[ 2 5 9 12 14 18 23 26 29 33 36 40 44 49 52 56 60 65 71 73]]
[[ 2 5 9 12 14 18 23 26 29 33 36 40 44 49 52 56 60 66 72 73]]
[[ 2 6 9 12 16 19 24 27 31 36 38 41 45 50 53 57 60 62 70 72]]